entradas = [	[-1,  1,-1,-1,-1, 1 , 1,-1,-1,-1, 1, -1, 1,-1, 1,-1, -1, 1,-1, 1,-1, -1,-1, 1,-1,-1, -1],  #v
                [-1, -1,-1, 1,-1,-1 ,-1, 1,-1, 1,-1, -1, 1,-1, 1,-1,  1,-1,-1,-1, 1,  1,-1,-1,-1, 1,  1],  #v invertido
                [-1,  1,-1,-1,-1, 1 , 1,-1,-1,-1, 1, -1, 1,-1, 1,-1, -1, 1,-1, 1,-1, -1, 1, 1, 1,-1, -1],  #v
                [-1, -1, 1, 1, 1,-1 ,-1, 1,-1, 1,-1, -1, 1,-1, 1,-1,  1,-1,-1,-1, 1,  1,-1,-1,-1, 1,  1],  #v invertido
                [-1,  1,-1,-1,-1, 1 , 1,-1,-1,-1, 1, -1, 1,-1, 1,-1, -1,-1, 1,-1,-1, -1,-1,-1,-1,-1, -1],  #v
                [-1, -1,-1,-1,-1,-1 ,-1,-1, 1,-1,-1, -1, 1,-1, 1,-1,  1,-1,-1,-1, 1,  1,-1,-1,-1, 1,  1],  #v invertido
                [-1,  1,-1,-1,-1,-1 , 1,-1,-1,-1,-1,  1,-1,-1,-1,-1,  1,-1,-1,-1,-1,  1, 1, 1, 1, 1, -1],  #v
                [-1,  1, 1, 1, 1, 1 , 1,-1,-1,-1,-1,  1,-1,-1,-1,-1,  1,-1,-1,-1,-1,  1,-1,-1,-1,-1,  1],  #v invertido
                [-1,  1,-1,-1,-1, 1 ,-1, 1,-1,-1, 1, -1,-1, 1,-1, 1, -1,-1,-1, 1, 1, -1,-1,-1,-1, 1, -1]]  #v
                
    # teste com a matriz restante representando mais tres rotulos de cada classe
    testes = [[-1, -1,-1,-1,-1, 1, -1,-1,-1,-1, 1, -1,-1,-1,-1, 1, -1,-1,-1,-1, 1,  1, 1, 1, 1, 1, -1], #v
              [-1,  1, 1, 1, 1, 1, -1,-1,-1,-1, 1, -1,-1,-1,-1, 1, -1,-1,-1,-1, 1, -1,-1,-1,-1, 1,  1], #v invertido
              [-1,  1,-1,-1,-1, 1,  1,-1,-1, 1,-1,  1,-1, 1,-1,-1,  1, 1,-1,-1,-1,  1,-1,-1,-1,-1, -1], #v
              [-1,  1,-1,-1,-1,-1,  1, 1,-1,-1,-1,  1,-1, 1,-1,-1,  1,-1,-1, 1,-1,  1,-1,-1,-1, 1,  1], #v invertido
              [-1, -1,-1,-1,-1, 1, -1,-1,-1, 1, 1, -1,-1, 1,-1, 1, -1, 1,-1,-1, 1,  1,-1,-1,-1, 1,  1]] #v invertido